1 6 1 6 11 16 
1 6 3 6 11 16 
1 6 3 8 11 16 
1 6 3 8 12 16 
1 6 3 8 11 16 
1 6 3 7 12 16 
1 6 3 7 11 16 
1 6 2 7 12 16 
1 6 2 7 11 16 
1 6 2 6 11 16 
1 6 9 6 11 16 
1 6 9 14 11 16 
1 6 9 14 13 16 
1 6 9 14 15 16 
1 6 9 14 15 16 
1 6 9 13 16 
1 6 9 13 11 16 
1 6 9 13 15 16 
1 6 9 10 13 16 
1 6 9 10 15 16 
1 6 9 11 16 
1 6 11 6 11 16 
1 6 11 8 11 16 
1 6 11 8 12 16 
1 6 11 8 11 16 
1 6 11 7 12 16 
1 6 11 7 11 16 
1 6 11 14 11 16 
1 6 11 14 13 16 
1 6 11 14 15 16 
1 6 11 16 
1 6 11 15 12 16 
1 6 11 15 11 16 
1 6 11 15 16 
1 6 11 12 16 
1 6 10 7 12 16 
1 6 10 7 11 16 
1 6 10 6 11 16 
1 6 10 13 16 
1 6 10 15 12 16 
1 6 10 15 11 16 
1 6 10 15 16 
1 6 10 14 11 16 
1 6 10 11 16 
1 6 5 10 13 16 
1 6 7 12 16 
1 6 7 11 16 
1 5 2 7 12 16 
1 5 2 7 11 16 
1 5 2 6 11 16 
1 5 1 6 11 16 
1 5 10 7 12 16 
1 5 10 7 11 16 
1 5 10 6 11 16 
1 5 10 13 16 
1 5 10 13 11 16 
1 5 10 13 15 16 
1 5 10 15 12 16 
1 5 10 15 11 16 
1 5 10 15 16 
1 5 10 14 11 16 
1 5 10 14 13 16 
1 5 10 11 16 
1 5 9 6 11 16 
1 5 9 14 11 16 
1 5 9 14 13 16 
1 5 9 14 15 16 
1 5 9 14 15 16 
1 5 9 13 16 
1 5 9 13 11 16 
1 5 9 10 13 16 
1 5 9 11 16 
1 5 6 9 13 16 
1 5 6 11 16 
1 2 5 10 13 16 
1 2 5 10 15 16 
1 2 5 10 11 16 
1 2 5 9 13 16 
1 2 5 9 11 16 
1 2 5 6 11 16 
1 2 7 10 13 16 
1 2 7 10 15 16 
1 2 7 12 15 16 
1 2 7 12 16 
1 2 7 12 11 16 
1 2 7 11 16 
1 2 6 9 13 16 
1 2 6 11 16 
1 2 1 6 11 16 
1 2 3 6 11 16 
1 2 3 8 11 16 
1 2 3 8 12 16 
